time	V(n009)
0.000000000000000e+00	1.895844e-01
8.585041683772943e-06	1.369162e-01
2.575512505131883e-05	3.096899e-02
6.009529178596651e-05	-1.800533e-01
1.000952917857845e-04	-4.164582e-01
1.400952917856024e-04	-6.299883e-01
1.800952917854204e-04	-8.080484e-01
2.137746068204827e-04	-9.253804e-01
2.296163373842752e-04	-9.644948e-01
2.450830627580558e-04	-9.863729e-01
2.631719741232885e-04	-9.947748e-01
2.864387247631939e-04	-9.859801e-01
3.241343523132656e-04	-9.403360e-01
3.641343523130836e-04	-8.473513e-01
4.041343523129015e-04	-6.980011e-01
4.441343523127195e-04	-4.973670e-01
4.841343523125374e-04	-2.623350e-01
5.241343523123554e-04	-1.160825e-02
5.641343523121733e-04	2.369939e-01
6.041343523119913e-04	4.669435e-01
6.441343523118093e-04	6.639578e-01
6.841343523116272e-04	8.198038e-01
7.153147709191288e-04	9.098970e-01
7.315311902340582e-04	9.423280e-01
7.475517561634781e-04	9.628696e-01
7.640899724674632e-04	9.731312e-01
7.879314035119656e-04	9.674427e-01
8.265394232593870e-04	9.177628e-01
8.665394232592050e-04	8.187678e-01
9.065394232590229e-04	6.716492e-01
9.465394232588409e-04	4.834372e-01
9.865394232586588e-04	2.639341e-01
1.026539423258477e-03	2.518754e-02
1.066539423258295e-03	-2.188021e-01
1.106539423258113e-03	-4.527782e-01
1.146539423257931e-03	-6.612790e-01
1.186539423257749e-03	-8.334911e-01
1.216226813157917e-03	-9.321499e-01
1.232664501753522e-03	-9.695187e-01
1.249564894247879e-03	-9.905419e-01
1.264838278914659e-03	-9.955658e-01
1.289147944009805e-03	-9.838598e-01
1.328498035646941e-03	-9.325966e-01
1.368498035646759e-03	-8.339649e-01
1.408498035646577e-03	-6.783718e-01
1.448498035646395e-03	-4.731003e-01
1.488498035646213e-03	-2.354866e-01
1.528498035646031e-03	1.584926e-02
1.568498035645849e-03	2.631869e-01
1.608498035645667e-03	4.901935e-01
1.648498035645485e-03	6.828783e-01
1.688498035645303e-03	8.343250e-01
1.716967057589613e-03	9.136196e-01
1.733584010735978e-03	9.454048e-01
1.749336707278726e-03	9.647208e-01
1.764753465180124e-03	9.735022e-01
1.789010070349484e-03	9.665679e-01
1.828276131746964e-03	9.142812e-01
1.868276131746782e-03	8.132801e-01
1.908276131746600e-03	6.642045e-01
1.948276131746418e-03	4.744137e-01
1.988276131746236e-03	2.538095e-01
2.028276131746054e-03	1.453328e-02
2.068276131745872e-03	-2.293433e-01
2.108276131745690e-03	-4.625309e-01
2.148276131745508e-03	-6.695856e-01
2.188276131745326e-03	-8.401697e-01
2.216883296398908e-03	-9.339634e-01
2.233479979564468e-03	-9.712275e-01
2.249116598199929e-03	-9.904960e-01
2.264671653070760e-03	-9.955711e-01
2.288877073655993e-03	-9.841695e-01
2.328062059935743e-03	-9.334819e-01
2.368062059935561e-03	-8.354055e-01
2.408062059935379e-03	-6.804240e-01
2.448062059935197e-03	-4.756041e-01
2.488062059935015e-03	-2.382377e-01
2.528062059934832e-03	1.304743e-02
2.568062059934650e-03	2.605213e-01
2.608062059934468e-03	4.878309e-01
2.648062059934286e-03	6.809555e-01
2.688062059934104e-03	8.328461e-01
2.716802466491419e-03	9.131971e-01
2.733379585568851e-03	9.450891e-01
2.748904181692158e-03	9.642618e-01
2.764592699201263e-03	9.733496e-01
2.788748721112899e-03	9.667209e-01
2.827855447346206e-03	9.150712e-01
2.867855447346024e-03	8.145558e-01
2.907855447345842e-03	6.659535e-01
2.947855447345660e-03	4.765440e-01
2.987855447345478e-03	2.562049e-01
3.027855447345296e-03	1.705503e-02
3.067855447345114e-03	-2.268511e-01
3.107855447344932e-03	-4.602320e-01
3.147855447344750e-03	-6.676390e-01
3.187855447344567e-03	-8.386187e-01
3.216724429487616e-03	-9.335852e-01
3.233282657230774e-03	-9.710153e-01
3.248699095317331e-03	-9.902279e-01
3.264516468734602e-03	-9.955675e-01
3.288624793772232e-03	-9.844423e-01
3.327655943248242e-03	-9.342860e-01
3.367655943248060e-03	-8.367282e-01
3.407655943247878e-03	-6.823187e-01
3.447655943247696e-03	-4.779217e-01
3.487655943247514e-03	-2.407878e-01
3.527655943247332e-03	1.044792e-02
3.567655943247150e-03	2.580467e-01
3.607655943246968e-03	4.856369e-01
3.647655943246786e-03	6.791698e-01
3.687655943246604e-03	8.314731e-01
3.716649055163224e-03	9.128127e-01
3.733189033128692e-03	9.448033e-01
3.748500997938553e-03	9.638386e-01
3.764442834786497e-03	9.732168e-01
3.788505085590366e-03	9.668710e-01
3.827463217516591e-03	9.158122e-01
3.867463217516409e-03	8.157501e-01
3.907463217516227e-03	6.675897e-01
3.947463217516045e-03	4.785365e-01
3.987463217515863e-03	2.584458e-01
4.027463217515681e-03	1.941503e-02
4.067463217515499e-03	-2.245173e-01
4.107463217515317e-03	-4.580767e-01
4.147463217515135e-03	-6.658109e-01
4.187463217514953e-03	-8.371586e-01
4.216576220884782e-03	-9.332222e-01
4.233098561241544e-03	-9.708054e-01
4.248309568258168e-03	-9.899596e-01
4.264371677876522e-03	-9.955515e-01
4.288389402535397e-03	-9.846832e-01
4.327276959211535e-03	-9.350204e-01
4.367276959211353e-03	-8.379478e-01
4.407276959211170e-03	-6.840738e-01
4.447276959210988e-03	-4.800733e-01
4.487276959210806e-03	-2.431582e-01
4.527276959210624e-03	8.029658e-03
4.567276959210442e-03	2.557434e-01
4.607276959210260e-03	4.835941e-01
4.647276959210078e-03	6.775067e-01
4.687276959209896e-03	8.301944e-01
4.716505811092730e-03	9.124606e-01
4.733011098303042e-03	9.445424e-01
4.748124503455298e-03	9.634463e-01
4.764302885415628e-03	9.730997e-01
4.788277561759369e-03	9.670162e-01
4.827096875261283e-03	9.165068e-01
4.867096875261101e-03	8.168683e-01
4.907096875260919e-03	6.691213e-01
4.947096875260737e-03	4.804018e-01
4.987096875260555e-03	2.605440e-01
5.027096875260373e-03	2.162566e-02
5.067096875260191e-03	-2.223298e-01
5.107096875260009e-03	-4.560548e-01
5.147096875259827e-03	-6.640934e-01
5.187096875259645e-03	-8.357838e-01
5.216437716816014e-03	-9.328755e-01
5.232926509209701e-03	-9.706001e-01
5.247945517939279e-03	-9.896945e-01
5.264236351238960e-03	-9.955273e-01
5.288169390841535e-03	-9.848980e-01
5.326922689259384e-03	-9.356948e-01
5.366922689259201e-03	-8.390765e-01
5.406922689259019e-03	-6.857044e-01
5.446922689258837e-03	-4.820760e-01
5.486922689258655e-03	-2.453670e-01
5.526922689258473e-03	5.774614e-03
5.566922689258291e-03	2.535943e-01
5.606922689258109e-03	4.816872e-01
5.646922689257927e-03	6.759540e-01
5.686922689257745e-03	8.290003e-01
5.716371835235989e-03	9.121361e-01
5.732844666475057e-03	9.442808e-01
5.747916990747282e-03	9.632137e-01
5.764225746696106e-03	9.730307e-01
5.788152149886816e-03	9.670912e-01
5.826894925394566e-03	9.168836e-01
5.866894925394384e-03	8.174790e-01
5.906894925394202e-03	6.699602e-01
5.946894925394020e-03	4.814250e-01
5.986894925393837e-03	2.616960e-01
6.026894925393655e-03	2.284016e-02
6.066894925393473e-03	-2.211274e-01
6.106894925393291e-03	-4.549432e-01
6.146894925393109e-03	-6.631489e-01
6.186894925392927e-03	-8.350281e-01
6.216361332640030e-03	-9.326879e-01
6.232831619199963e-03	-9.704454e-01
6.247918503791805e-03	-9.896736e-01
6.264226309148135e-03	-9.955452e-01
6.288153064326618e-03	-9.849340e-01
6.326896397964354e-03	-9.357638e-01
6.366896397964172e-03	-8.391770e-01
6.406896397963990e-03	-6.858401e-01
6.446896397963808e-03	-4.822383e-01
6.486896397963626e-03	-2.455441e-01
6.526896397963444e-03	5.594320e-03
6.566896397963262e-03	2.534221e-01
6.606896397963080e-03	4.815331e-01
6.646896397962898e-03	6.758264e-01
6.686896397962716e-03	8.288995e-01
6.716361889698597e-03	9.121001e-01
6.732832311229675e-03	9.442470e-01
6.747918423539279e-03	9.632001e-01
6.764226279315722e-03	9.730181e-01
6.788153015825138e-03	9.670777e-01
6.826896319859888e-03	9.168682e-01
6.866896319859705e-03	8.174620e-01
6.906896319859523e-03	6.699417e-01
6.946896319859341e-03	4.814053e-01
6.986896319859159e-03	2.616756e-01
7.026896319858977e-03	2.281943e-02
7.066896319858795e-03	-2.211480e-01
7.106896319858613e-03	-4.549630e-01
7.146896319858431e-03	-6.631675e-01
7.186896319858249e-03	-8.350452e-01
7.216361860152620e-03	-9.327014e-01
7.232832274524981e-03	-9.704595e-01
7.247918427795597e-03	-9.896877e-01
7.264226280897734e-03	-9.955605e-01
7.288153018397470e-03	-9.849500e-01
7.326896324002519e-03	-9.357793e-01
7.366896324002337e-03	-8.391908e-01
7.406896324002155e-03	-6.858524e-01
7.446896324001973e-03	-4.822498e-01
7.486896324001791e-03	-2.455552e-01
7.526896324001608e-03	5.583445e-03
7.566896324001426e-03	2.534114e-01
7.606896324001244e-03	4.815227e-01
7.646896324001062e-03	6.758162e-01
7.686896324000880e-03	8.288896e-01
7.716361861719978e-03	9.120905e-01
7.732832276472479e-03	9.442375e-01
7.747918427569722e-03	9.631907e-01
7.764226280813524e-03	9.730087e-01
7.788153018260413e-03	9.670683e-01
7.826896323781529e-03	9.168589e-01
7.866896323781347e-03	8.174528e-01
7.906896323781165e-03	6.699327e-01
7.946896323780983e-03	4.813963e-01
7.986896323780801e-03	2.616666e-01
8.026896323780619e-03	2.281055e-02
8.066896323780437e-03	-2.211568e-01
8.106896323780255e-03	-4.549718e-01
8.146896323780073e-03	-6.631762e-01
8.186896323779891e-03	-8.350538e-01
8.216361861636212e-03	-9.327102e-01
8.232832276367841e-03	-9.704688e-01
8.247918427581435e-03	-9.896980e-01
8.264226280818132e-03	-9.955716e-01
8.288153018267685e-03	-9.849616e-01
8.326896323793243e-03	-9.357904e-01
8.366896323793060e-03	-8.392007e-01
8.406896323792878e-03	-6.858611e-01
8.446896323792696e-03	-4.822578e-01
8.486896323792514e-03	-2.455629e-01
8.526896323792332e-03	5.575910e-03
8.566896323792150e-03	2.534041e-01
8.606896323791968e-03	4.815155e-01
8.646896323791786e-03	6.758091e-01
8.686896323791604e-03	8.288826e-01
8.716361861640820e-03	9.120836e-01
8.732832276373781e-03	9.442306e-01
8.747918427581602e-03	9.631838e-01
8.764226280817855e-03	9.730019e-01
8.788153018267408e-03	9.670615e-01
8.826896323792521e-03	9.168522e-01
8.866896323792339e-03	8.174462e-01
8.906896323792157e-03	6.699261e-01
8.946896323791975e-03	4.813898e-01
8.986896323791793e-03	2.616602e-01
9.026896323791611e-03	2.280415e-02
9.066896323791429e-03	-2.211631e-01
9.106896323791247e-03	-4.549780e-01
9.146896323791065e-03	-6.631824e-01
9.186896323790883e-03	-8.350600e-01
9.216361861640543e-03	-9.327165e-01
9.232832276373504e-03	-9.704756e-01
9.247918427580881e-03	-9.897054e-01
9.264226280817578e-03	-9.955796e-01
9.288153018266687e-03	-9.849699e-01
9.326896323791800e-03	-9.357985e-01
9.366896323791618e-03	-8.392078e-01
9.406896323791436e-03	-6.858673e-01
9.446896323791254e-03	-4.822636e-01
9.486896323791072e-03	-2.455685e-01
9.526896323790890e-03	5.570457e-03
9.566896323790708e-03	2.533987e-01
9.606896323790526e-03	4.815102e-01
9.646896323790344e-03	6.758040e-01
9.686896323790162e-03	8.288775e-01
9.716361861640266e-03	9.120786e-01
9.732832276373227e-03	9.442256e-01
9.747918427581048e-03	9.631789e-01
9.764226280817745e-03	9.729970e-01
9.788153018266854e-03	9.670566e-01
9.826896323791967e-03	9.168473e-01
9.866896323791785e-03	8.174413e-01
9.906896323791603e-03	6.699213e-01
9.946896323791421e-03	4.813851e-01
9.986896323791239e-03	2.646015e-01
1.000000000000023e-02	1.883741e-01
